10, 22, 31, 4, 15, 28, 17, 88, 59

10mod 11=10
[,,,,,,,,,,10,]
22 mod 11 =0
[22,,,,,,,,,,10,]
31 mod 11 =9
[22,,,,,,,,,31,10,]
4mod 11 =4
[22,,,,4,,,,,31,10,]
15 mod 11 =4

[22,,,,4,15,,,,31,10,]
28 mod 11=6
[22,,,,4,15,28,,,31,10,]
17 mod 11= 7

[22,,,,4,15,28,17,,31,10,]
88 mod 11=0
[22,88,,,4,15,28,17,,31,10,]
59 mod 11
[22,88,,,4,15,28,17,59,31,10,]


/////////////////////////////////////////
////////////////////////////////////////////
//////////////////////////////////////

5, 28, 19, 15, 20, 33, 12, 17, 10
5 mod 9 =5
[,,,,,5,,,,]
28 mod 9 =1
[,28,,,,5,,,,]
19 mod 9 =1
[,28,,,,5,,,,]
  19
  15 mod 9=1

  [,28,,,,5,15,,,]
    19

    20 mod 9 =2

      [,28,20,,,5,15,,,]
        19

        33 mod 9 = 6

          [,28,,12,,5,15,,17,]
            19      33
            10
